{
 "cells": [
  {
   "cell_type": "code",
   "execution_count": 1,
   "id": "8fed915c",
   "metadata": {},
   "outputs": [],
   "source": [
    "import numpy as np\n",
    "import matplotlib.pyplot as plt\n",
    "import pandas as pd"
   ]
  },
  {
   "cell_type": "code",
   "execution_count": 2,
   "id": "8971d837",
   "metadata": {},
   "outputs": [],
   "source": [
    "dates_21_eco = np.load('/Users/antoniomendez/Desktop/Tesis/thesis/vector_files/dates_2021_eco.npy')\n",
    "dates_21_mibici = np.load('/Users/antoniomendez/Desktop/Tesis/thesis/vector_files/dates_2021_mibici.npy')"
   ]
  },
  {
   "cell_type": "code",
   "execution_count": 3,
   "id": "44f7f814",
   "metadata": {},
   "outputs": [],
   "source": [
    "steps = ['2021-04-15', '2021-04-30', '2021-08-01', '2021-08-15']"
   ]
  },
  {
   "cell_type": "code",
   "execution_count": 4,
   "id": "517d26a1",
   "metadata": {},
   "outputs": [
    {
     "name": "stdout",
     "output_type": "stream",
     "text": [
      "Eco 2021\n",
      "104-2021-04-15\n",
      "119-2021-04-30\n",
      "212-2021-08-01\n",
      "226-2021-08-15\n"
     ]
    }
   ],
   "source": [
    "print('Eco 2021')\n",
    "for i in range(len(dates_21_eco)):\n",
    "    if dates_21_eco[i] in steps:\n",
    "        print(f\"{i}-{dates_21_eco[i]}\")"
   ]
  },
  {
   "cell_type": "code",
   "execution_count": 5,
   "id": "24af84c6",
   "metadata": {},
   "outputs": [
    {
     "name": "stdout",
     "output_type": "stream",
     "text": [
      "MiBici 2021\n",
      "104-2021-04-15\n",
      "119-2021-04-30\n",
      "212-2021-08-01\n",
      "226-2021-08-15\n"
     ]
    }
   ],
   "source": [
    "print('MiBici 2021')\n",
    "for i in range(len(dates_21_mibici)):\n",
    "    if dates_21_mibici[i] in steps:\n",
    "        print(f\"{i}-{dates_21_mibici[i]}\")"
   ]
  },
  {
   "cell_type": "code",
   "execution_count": 6,
   "id": "09d40b97",
   "metadata": {},
   "outputs": [
    {
     "name": "stdout",
     "output_type": "stream",
     "text": [
      "104,105,106,107,108,109,110,111,112,113,114,115,116,117,118,119,212,213,214,215,216,217,218,219,220,221,222,223,224,225,226,"
     ]
    }
   ],
   "source": [
    "indexes_to_use = [i for i in range(104, 120)] + [i for i in range(212, 227)]\n",
    "for i in range(len(indexes_to_use)):\n",
    "    print(f'{indexes_to_use[i]},',end='')"
   ]
  },
  {
   "cell_type": "code",
   "execution_count": 9,
   "id": "1c09002c",
   "metadata": {},
   "outputs": [
    {
     "data": {
      "text/plain": [
       "array(['2021-04-15', '2021-04-16', '2021-04-17', '2021-04-18',\n",
       "       '2021-04-19', '2021-04-20', '2021-04-21', '2021-04-22',\n",
       "       '2021-04-23', '2021-04-24', '2021-04-25', '2021-04-26',\n",
       "       '2021-04-27', '2021-04-28', '2021-04-29', '2021-04-30',\n",
       "       '2021-08-01', '2021-08-02', '2021-08-03', '2021-08-04',\n",
       "       '2021-08-05', '2021-08-06', '2021-08-07', '2021-08-08',\n",
       "       '2021-08-09', '2021-08-10', '2021-08-11', '2021-08-12',\n",
       "       '2021-08-13', '2021-08-14', '2021-08-15'], dtype='<U10')"
      ]
     },
     "execution_count": 9,
     "metadata": {},
     "output_type": "execute_result"
    }
   ],
   "source": [
    "dates_21 = dates_21_eco[indexes_to_use]\n",
    "dates_21"
   ]
  },
  {
   "cell_type": "code",
   "execution_count": 10,
   "id": "38145421",
   "metadata": {},
   "outputs": [
    {
     "data": {
      "application/vnd.microsoft.datawrangler.viewer.v0+json": {
       "columns": [
        {
         "name": "index",
         "rawType": "int64",
         "type": "integer"
        },
        {
         "name": "dates",
         "rawType": "object",
         "type": "string"
        }
       ],
       "ref": "2b183ab5-a474-43e7-8723-d777fa0d6a5a",
       "rows": [
        [
         "0",
         "2021-04-15"
        ],
        [
         "1",
         "2021-04-16"
        ],
        [
         "2",
         "2021-04-17"
        ],
        [
         "3",
         "2021-04-18"
        ],
        [
         "4",
         "2021-04-19"
        ],
        [
         "5",
         "2021-04-20"
        ],
        [
         "6",
         "2021-04-21"
        ],
        [
         "7",
         "2021-04-22"
        ],
        [
         "8",
         "2021-04-23"
        ],
        [
         "9",
         "2021-04-24"
        ],
        [
         "10",
         "2021-04-25"
        ],
        [
         "11",
         "2021-04-26"
        ],
        [
         "12",
         "2021-04-27"
        ],
        [
         "13",
         "2021-04-28"
        ],
        [
         "14",
         "2021-04-29"
        ],
        [
         "15",
         "2021-04-30"
        ],
        [
         "16",
         "2021-08-01"
        ],
        [
         "17",
         "2021-08-02"
        ],
        [
         "18",
         "2021-08-03"
        ],
        [
         "19",
         "2021-08-04"
        ],
        [
         "20",
         "2021-08-05"
        ],
        [
         "21",
         "2021-08-06"
        ],
        [
         "22",
         "2021-08-07"
        ],
        [
         "23",
         "2021-08-08"
        ],
        [
         "24",
         "2021-08-09"
        ],
        [
         "25",
         "2021-08-10"
        ],
        [
         "26",
         "2021-08-11"
        ],
        [
         "27",
         "2021-08-12"
        ],
        [
         "28",
         "2021-08-13"
        ],
        [
         "29",
         "2021-08-14"
        ],
        [
         "30",
         "2021-08-15"
        ]
       ],
       "shape": {
        "columns": 1,
        "rows": 31
       }
      },
      "text/html": [
       "<div>\n",
       "<style scoped>\n",
       "    .dataframe tbody tr th:only-of-type {\n",
       "        vertical-align: middle;\n",
       "    }\n",
       "\n",
       "    .dataframe tbody tr th {\n",
       "        vertical-align: top;\n",
       "    }\n",
       "\n",
       "    .dataframe thead th {\n",
       "        text-align: right;\n",
       "    }\n",
       "</style>\n",
       "<table border=\"1\" class=\"dataframe\">\n",
       "  <thead>\n",
       "    <tr style=\"text-align: right;\">\n",
       "      <th></th>\n",
       "      <th>dates</th>\n",
       "    </tr>\n",
       "  </thead>\n",
       "  <tbody>\n",
       "    <tr>\n",
       "      <th>0</th>\n",
       "      <td>2021-04-15</td>\n",
       "    </tr>\n",
       "    <tr>\n",
       "      <th>1</th>\n",
       "      <td>2021-04-16</td>\n",
       "    </tr>\n",
       "    <tr>\n",
       "      <th>2</th>\n",
       "      <td>2021-04-17</td>\n",
       "    </tr>\n",
       "    <tr>\n",
       "      <th>3</th>\n",
       "      <td>2021-04-18</td>\n",
       "    </tr>\n",
       "    <tr>\n",
       "      <th>4</th>\n",
       "      <td>2021-04-19</td>\n",
       "    </tr>\n",
       "    <tr>\n",
       "      <th>5</th>\n",
       "      <td>2021-04-20</td>\n",
       "    </tr>\n",
       "    <tr>\n",
       "      <th>6</th>\n",
       "      <td>2021-04-21</td>\n",
       "    </tr>\n",
       "    <tr>\n",
       "      <th>7</th>\n",
       "      <td>2021-04-22</td>\n",
       "    </tr>\n",
       "    <tr>\n",
       "      <th>8</th>\n",
       "      <td>2021-04-23</td>\n",
       "    </tr>\n",
       "    <tr>\n",
       "      <th>9</th>\n",
       "      <td>2021-04-24</td>\n",
       "    </tr>\n",
       "    <tr>\n",
       "      <th>10</th>\n",
       "      <td>2021-04-25</td>\n",
       "    </tr>\n",
       "    <tr>\n",
       "      <th>11</th>\n",
       "      <td>2021-04-26</td>\n",
       "    </tr>\n",
       "    <tr>\n",
       "      <th>12</th>\n",
       "      <td>2021-04-27</td>\n",
       "    </tr>\n",
       "    <tr>\n",
       "      <th>13</th>\n",
       "      <td>2021-04-28</td>\n",
       "    </tr>\n",
       "    <tr>\n",
       "      <th>14</th>\n",
       "      <td>2021-04-29</td>\n",
       "    </tr>\n",
       "    <tr>\n",
       "      <th>15</th>\n",
       "      <td>2021-04-30</td>\n",
       "    </tr>\n",
       "    <tr>\n",
       "      <th>16</th>\n",
       "      <td>2021-08-01</td>\n",
       "    </tr>\n",
       "    <tr>\n",
       "      <th>17</th>\n",
       "      <td>2021-08-02</td>\n",
       "    </tr>\n",
       "    <tr>\n",
       "      <th>18</th>\n",
       "      <td>2021-08-03</td>\n",
       "    </tr>\n",
       "    <tr>\n",
       "      <th>19</th>\n",
       "      <td>2021-08-04</td>\n",
       "    </tr>\n",
       "    <tr>\n",
       "      <th>20</th>\n",
       "      <td>2021-08-05</td>\n",
       "    </tr>\n",
       "    <tr>\n",
       "      <th>21</th>\n",
       "      <td>2021-08-06</td>\n",
       "    </tr>\n",
       "    <tr>\n",
       "      <th>22</th>\n",
       "      <td>2021-08-07</td>\n",
       "    </tr>\n",
       "    <tr>\n",
       "      <th>23</th>\n",
       "      <td>2021-08-08</td>\n",
       "    </tr>\n",
       "    <tr>\n",
       "      <th>24</th>\n",
       "      <td>2021-08-09</td>\n",
       "    </tr>\n",
       "    <tr>\n",
       "      <th>25</th>\n",
       "      <td>2021-08-10</td>\n",
       "    </tr>\n",
       "    <tr>\n",
       "      <th>26</th>\n",
       "      <td>2021-08-11</td>\n",
       "    </tr>\n",
       "    <tr>\n",
       "      <th>27</th>\n",
       "      <td>2021-08-12</td>\n",
       "    </tr>\n",
       "    <tr>\n",
       "      <th>28</th>\n",
       "      <td>2021-08-13</td>\n",
       "    </tr>\n",
       "    <tr>\n",
       "      <th>29</th>\n",
       "      <td>2021-08-14</td>\n",
       "    </tr>\n",
       "    <tr>\n",
       "      <th>30</th>\n",
       "      <td>2021-08-15</td>\n",
       "    </tr>\n",
       "  </tbody>\n",
       "</table>\n",
       "</div>"
      ],
      "text/plain": [
       "         dates\n",
       "0   2021-04-15\n",
       "1   2021-04-16\n",
       "2   2021-04-17\n",
       "3   2021-04-18\n",
       "4   2021-04-19\n",
       "5   2021-04-20\n",
       "6   2021-04-21\n",
       "7   2021-04-22\n",
       "8   2021-04-23\n",
       "9   2021-04-24\n",
       "10  2021-04-25\n",
       "11  2021-04-26\n",
       "12  2021-04-27\n",
       "13  2021-04-28\n",
       "14  2021-04-29\n",
       "15  2021-04-30\n",
       "16  2021-08-01\n",
       "17  2021-08-02\n",
       "18  2021-08-03\n",
       "19  2021-08-04\n",
       "20  2021-08-05\n",
       "21  2021-08-06\n",
       "22  2021-08-07\n",
       "23  2021-08-08\n",
       "24  2021-08-09\n",
       "25  2021-08-10\n",
       "26  2021-08-11\n",
       "27  2021-08-12\n",
       "28  2021-08-13\n",
       "29  2021-08-14\n",
       "30  2021-08-15"
      ]
     },
     "execution_count": 10,
     "metadata": {},
     "output_type": "execute_result"
    }
   ],
   "source": [
    "dates_df = pd.DataFrame({'dates': dates_21})\n",
    "dates_df"
   ]
  },
  {
   "cell_type": "code",
   "execution_count": 11,
   "id": "505bb6e8",
   "metadata": {},
   "outputs": [],
   "source": [
    "dates_df.to_csv('vector_files/dates_21.csv', index=False)"
   ]
  },
  {
   "cell_type": "code",
   "execution_count": 2,
   "id": "6d11abc2",
   "metadata": {},
   "outputs": [],
   "source": [
    "dates_24_eco = np.load('/Users/antoniomendez/Desktop/Tesis/thesis/vector_files/dates_2024_eco.npy')\n",
    "dates_24_mibici = np.load('/Users/antoniomendez/Desktop/Tesis/thesis/vector_files/dates_2024_mibici.npy')"
   ]
  },
  {
   "cell_type": "code",
   "execution_count": 9,
   "id": "231748e3",
   "metadata": {},
   "outputs": [
    {
     "name": "stdout",
     "output_type": "stream",
     "text": [
      "152-2024-06-01\n",
      "166-2024-06-15\n",
      "213-2024-08-01\n",
      "227-2024-08-15\n"
     ]
    }
   ],
   "source": [
    "dates_to_consider = ['2024-06-01', '2024-06-15', '2024-08-01', '2024-08-15']\n",
    "for i in range(len(dates_24_eco)):\n",
    "    if dates_24_eco[i] in dates_to_consider:\n",
    "        print(f\"{i}-{dates_24_eco[i]}\")"
   ]
  },
  {
   "cell_type": "code",
   "execution_count": 10,
   "id": "c7d1e26b",
   "metadata": {},
   "outputs": [
    {
     "name": "stdout",
     "output_type": "stream",
     "text": [
      "152,153,154,155,156,157,158,159,160,161,162,163,164,165,166,213,214,215,216,217,218,219,220,221,222,223,224,225,226,227,"
     ]
    }
   ],
   "source": [
    "list_to_consider = [i for i in range(152, 167)] + [i for i in range(213, 228)]\n",
    "for i in range(len(list_to_consider)):\n",
    "    print(f'{list_to_consider[i]},',end='')"
   ]
  },
  {
   "cell_type": "code",
   "execution_count": 3,
   "id": "33666fde",
   "metadata": {},
   "outputs": [
    {
     "name": "stdout",
     "output_type": "stream",
     "text": [
      "['2024-09-01', '2024-09-04', '2024-09-08', '2024-09-11', '2024-09-15', '2024-09-18', '2024-09-22', '2024-09-25', '2024-09-29', '2024-10-02', '2024-10-06', '2024-10-09', '2024-10-13', '2024-10-16', '2024-10-20', '2024-10-23', '2024-10-27', '2024-10-30']\n"
     ]
    }
   ],
   "source": [
    "dates_to_consider = ['2024-09-04', '2024-09-11', '2024-09-18', '2024-09-25', '2024-10-02', '2024-10-09', '2024-10-16', '2024-10-23', '2024-10-30',\n",
    "                     '2024-09-01', '2024-09-08', '2024-09-15', '2024-09-22', '2024-09-29', '2024-10-06', '2024-10-13', '2024-10-20', '2024-10-27']\n",
    "dates_to_consider = sorted(dates_to_consider)\n",
    "print(dates_to_consider)"
   ]
  },
  {
   "cell_type": "code",
   "execution_count": 4,
   "id": "51c511a7",
   "metadata": {},
   "outputs": [
    {
     "name": "stdout",
     "output_type": "stream",
     "text": [
      "[244, 247, 251, 254, 258, 261, 265, 268, 272, 275, 279, 282, 286, 289, 293, 296, 300, 303]\n"
     ]
    }
   ],
   "source": [
    "indexes_to_use_24 = []\n",
    "for i in range(len(dates_24_eco)):\n",
    "    if dates_24_eco[i] in dates_to_consider:\n",
    "        indexes_to_use_24.append(i)\n",
    "print(indexes_to_use_24)"
   ]
  },
  {
   "cell_type": "code",
   "execution_count": 5,
   "id": "a2ac8352",
   "metadata": {},
   "outputs": [
    {
     "name": "stdout",
     "output_type": "stream",
     "text": [
      "[244, 247, 251, 254, 258, 261, 265, 268, 272, 275, 279, 282, 286, 289, 293, 296, 300, 303]\n"
     ]
    }
   ],
   "source": [
    "indexes_to_use_24 = []\n",
    "for i in range(len(dates_24_mibici)):\n",
    "    if dates_24_mibici[i] in dates_to_consider:\n",
    "        indexes_to_use_24.append(i)\n",
    "print(indexes_to_use_24)"
   ]
  },
  {
   "cell_type": "code",
   "execution_count": 6,
   "id": "9e2f7ee3",
   "metadata": {},
   "outputs": [
    {
     "name": "stdout",
     "output_type": "stream",
     "text": [
      "244,247,251,254,258,261,265,268,272,275,279,282,286,289,293,296,300,303,"
     ]
    }
   ],
   "source": [
    "for i in range(len(indexes_to_use_24)):\n",
    "    print(f'{indexes_to_use_24[i]},',end='')"
   ]
  },
  {
   "cell_type": "code",
   "execution_count": 7,
   "id": "1bb74c93",
   "metadata": {},
   "outputs": [
    {
     "data": {
      "application/vnd.microsoft.datawrangler.viewer.v0+json": {
       "columns": [
        {
         "name": "index",
         "rawType": "int64",
         "type": "integer"
        },
        {
         "name": "dates",
         "rawType": "object",
         "type": "string"
        }
       ],
       "ref": "9d3d7592-9f42-46bc-b7c4-b6321127432c",
       "rows": [
        [
         "0",
         "2024-09-01"
        ],
        [
         "1",
         "2024-09-04"
        ],
        [
         "2",
         "2024-09-08"
        ],
        [
         "3",
         "2024-09-11"
        ],
        [
         "4",
         "2024-09-15"
        ]
       ],
       "shape": {
        "columns": 1,
        "rows": 5
       }
      },
      "text/html": [
       "<div>\n",
       "<style scoped>\n",
       "    .dataframe tbody tr th:only-of-type {\n",
       "        vertical-align: middle;\n",
       "    }\n",
       "\n",
       "    .dataframe tbody tr th {\n",
       "        vertical-align: top;\n",
       "    }\n",
       "\n",
       "    .dataframe thead th {\n",
       "        text-align: right;\n",
       "    }\n",
       "</style>\n",
       "<table border=\"1\" class=\"dataframe\">\n",
       "  <thead>\n",
       "    <tr style=\"text-align: right;\">\n",
       "      <th></th>\n",
       "      <th>dates</th>\n",
       "    </tr>\n",
       "  </thead>\n",
       "  <tbody>\n",
       "    <tr>\n",
       "      <th>0</th>\n",
       "      <td>2024-09-01</td>\n",
       "    </tr>\n",
       "    <tr>\n",
       "      <th>1</th>\n",
       "      <td>2024-09-04</td>\n",
       "    </tr>\n",
       "    <tr>\n",
       "      <th>2</th>\n",
       "      <td>2024-09-08</td>\n",
       "    </tr>\n",
       "    <tr>\n",
       "      <th>3</th>\n",
       "      <td>2024-09-11</td>\n",
       "    </tr>\n",
       "    <tr>\n",
       "      <th>4</th>\n",
       "      <td>2024-09-15</td>\n",
       "    </tr>\n",
       "  </tbody>\n",
       "</table>\n",
       "</div>"
      ],
      "text/plain": [
       "        dates\n",
       "0  2024-09-01\n",
       "1  2024-09-04\n",
       "2  2024-09-08\n",
       "3  2024-09-11\n",
       "4  2024-09-15"
      ]
     },
     "execution_count": 7,
     "metadata": {},
     "output_type": "execute_result"
    }
   ],
   "source": [
    "dates_24 = pd.DataFrame({'dates': dates_24_eco[indexes_to_use_24]})\n",
    "dates_24.head()"
   ]
  },
  {
   "cell_type": "code",
   "execution_count": 8,
   "id": "d5de039c",
   "metadata": {},
   "outputs": [],
   "source": [
    "dates_24.to_csv('/Users/antoniomendez/Desktop/Tesis/thesis/vector_files/dates_2024_ws.csv', index=False)"
   ]
  },
  {
   "cell_type": "code",
   "execution_count": 12,
   "id": "5294ea54",
   "metadata": {},
   "outputs": [],
   "source": [
    "def normalize_matrix(K):\n",
    "    \"\"\"\n",
    "    Normaliza una matriz de kernel K de acuerdo a:\n",
    "        K_norm[i, j] = K[i, j] / (sqrt(K[i, i]) * sqrt(K[j, j]))\n",
    "\n",
    "    Parámetros\n",
    "    ----------\n",
    "    K : np.ndarray\n",
    "        Matriz de kernel (simétrica, cuadrada).\n",
    "\n",
    "    Retorna\n",
    "    -------\n",
    "    K_norm : np.ndarray\n",
    "        Matriz de kernel normalizada.\n",
    "    \"\"\"\n",
    "    # Extraemos los valores diagonales (K(xi, xi))\n",
    "    diag = np.diag(K)\n",
    "    \n",
    "    # Evitamos divisiones por cero\n",
    "    #diag[diag == 0] = 1e-12\n",
    "    \n",
    "    # Calculamos denominador como producto externo de sqrt(diag)\n",
    "    denom = np.outer(np.sqrt(diag), np.sqrt(diag))\n",
    "    \n",
    "    # Normalizamos\n",
    "    K_norm = K / denom\n",
    "    return K_norm"
   ]
  },
  {
   "cell_type": "code",
   "execution_count": 10,
   "id": "4c62c492",
   "metadata": {},
   "outputs": [
    {
     "name": "stdout",
     "output_type": "stream",
     "text": [
      "[[8100.         5630.03983324 5781.53947092 4499.44921866 4697.31617722\n",
      "  6643.73963404 5558.96772781 3360.72488356 4705.0742665  5600.89863874\n",
      "  4599.26826703 6676.31569514 3144.96748543 6630.98032713 3383.88850821\n",
      "  4719.35814776 6730.86930353 5557.91925192]\n",
      " [5630.03983324 7062.         5600.14164176 4499.18691916 4642.15913333\n",
      "  5567.27791167 5568.85443127 3314.99197187 4585.23130714 5566.04705228\n",
      "  4632.36639085 5541.94998934 3212.02960624 5564.03310419 3358.01350069\n",
      "  4630.50584553 5564.32562815 5417.8938484 ]\n",
      " [5781.53947092 5600.14164176 7062.         4455.0198986  4640.97791275\n",
      "  5626.46066353 5495.38641517 3310.03308112 4703.56040424 5745.46358965\n",
      "  4543.62950147 5637.22019447 3037.22276233 5634.89227735 3336.09131522\n",
      "  4696.09175527 5606.85433649 5617.5737391 ]\n",
      " [4499.44921866 4499.18691916 4455.0198986  5640.         4535.74080133\n",
      "  4526.80457468 4626.38099624 3304.05927985 4573.79900477 4459.47987685\n",
      "  4746.95492816 4560.69670467 3190.64305602 4568.2485906  3352.27789765\n",
      "  4609.47851609 4440.09915819 4587.57085817]\n",
      " [4697.31617722 4642.15913333 4640.97791275 4535.74080133 5790.\n",
      "  4539.27133335 4596.78323714 3384.00760296 4645.18057217 4590.16909042\n",
      "  4572.09897995 4572.306063   3227.46190344 4569.37448384 3427.25452985\n",
      "  4662.91718658 4607.00281517 4570.12782079]\n",
      " [6643.73963404 5567.27791167 5626.46066353 4526.80457468 4539.27133335\n",
      "  8100.         5662.56860437 3456.92247106 4851.15189832 5512.94352162\n",
      "  4701.93544446 7111.08164903 3161.95467299 7149.17711551 3517.13980027\n",
      "  4822.94086839 6526.74248855 5739.49337489]\n",
      " [5558.96772781 5568.85443127 5495.38641517 4626.38099624 4596.78323714\n",
      "  5662.56860437 7062.         3357.60045754 4658.97262461 5564.47235476\n",
      "  4777.56998965 5658.71454532 3133.03179749 5651.87171615 3389.49449896\n",
      "  4821.16953236 5468.95610876 5651.54169271]\n",
      " [3360.72488356 3314.99197187 3310.03308112 3304.05927985 3384.00760296\n",
      "  3456.92247106 3357.60045754 4250.         3557.8049797  3299.78367562\n",
      "  3381.55470742 3454.87134264 3298.95009253 3490.91521796 3687.09507092\n",
      "  3470.14193591 3324.20212372 3431.91503066]\n",
      " [4705.0742665  4585.23130714 4703.56040424 4573.79900477 4645.18057217\n",
      "  4851.15189832 4658.97262461 3557.8049797  5790.         4577.99292467\n",
      "  4682.02602007 4814.99640582 3121.3328971  4855.21628488 3600.11368113\n",
      "  4816.43612441 4645.72718553 4894.08901826]\n",
      " [5600.89863874 5566.04705228 5745.46358965 4459.47987685 4590.16909042\n",
      "  5512.94352162 5564.47235476 3299.78367562 4577.99292467 7062.\n",
      "  4607.15960708 5527.66087316 3111.52298498 5570.82244971 3383.22139033\n",
      "  4627.72144911 5597.84966394 5488.40763223]\n",
      " [4599.26826703 4632.36639085 4543.62950147 4746.95492816 4572.09897995\n",
      "  4701.93544446 4777.56998965 3381.55470742 4682.02602007 4607.15960708\n",
      "  5790.         4703.55861343 3206.1152265  4729.86239199 3484.3326622\n",
      "  4758.54958521 4604.30595868 4726.55001232]\n",
      " [6676.31569514 5541.94998934 5637.22019447 4560.69670467 4572.306063\n",
      "  7111.08164903 5658.71454532 3454.87134264 4814.99640582 5527.66087316\n",
      "  4703.55861343 8100.         3150.0519388  7177.94711009 3539.46302436\n",
      "  4862.14955996 6561.54527208 5774.35545836]\n",
      " [3144.96748543 3212.02960624 3037.22276233 3190.64305602 3227.46190344\n",
      "  3161.95467299 3133.03179749 3298.95009253 3121.3328971  3111.52298498\n",
      "  3206.1152265  3150.0519388  4186.         3155.53558206 3265.84633873\n",
      "  3134.6893343  3150.14337177 3109.15793662]\n",
      " [6630.98032713 5564.03310419 5634.89227735 4568.2485906  4569.37448384\n",
      "  7149.17711551 5651.87171615 3490.91521796 4855.21628488 5570.82244971\n",
      "  4729.86239199 7177.94711009 3155.53558206 8100.         3573.20620197\n",
      "  4899.06802224 6519.24209154 5764.02498437]\n",
      " [3383.88850821 3358.01350069 3336.09131522 3352.27789765 3427.25452985\n",
      "  3517.13980027 3389.49449896 3687.09507092 3600.11368113 3383.22139033\n",
      "  3484.3326622  3539.46302436 3265.84633873 3573.20620197 4250.\n",
      "  3506.35533112 3412.470617   3472.58581797]\n",
      " [4719.35814776 4630.50584553 4696.09175527 4609.47851609 4662.91718658\n",
      "  4822.94086839 4821.16953236 3470.14193591 4816.43612441 4627.72144911\n",
      "  4758.54958521 4862.14955996 3134.6893343  4899.06802224 3506.35533112\n",
      "  5790.         4640.75806153 4927.88946675]\n",
      " [6730.86930353 5564.32562815 5606.85433649 4440.09915819 4607.00281517\n",
      "  6526.74248855 5468.95610876 3324.20212372 4645.72718553 5597.84966394\n",
      "  4604.30595868 6561.54527208 3150.14337177 6519.24209154 3412.470617\n",
      "  4640.75806153 8100.         5423.64088437]\n",
      " [5557.91925192 5417.8938484  5617.5737391  4587.57085817 4570.12782079\n",
      "  5739.49337489 5651.54169271 3431.91503066 4894.08901826 5488.40763223\n",
      "  4726.55001232 5774.35545836 3109.15793662 5764.02498437 3472.58581797\n",
      "  4927.88946675 5423.64088437 6896.        ]]\n"
     ]
    }
   ],
   "source": [
    "K = np.load('/Users/antoniomendez/Desktop/Tesis/thesis/vector_files/km_to_norm.npy')\n",
    "print(K)"
   ]
  },
  {
   "cell_type": "code",
   "execution_count": 14,
   "id": "8796a69a",
   "metadata": {},
   "outputs": [
    {
     "data": {
